R1=5e6;
R2=R1;
R3=R2;
C1=100e-9;
C2=C1;
V=5;